$ANSIBLE_VAULT;1.1;AES256
38363232343736386564316466386239316230383265366630306635353534323732343166386564
3561353961626135363963343430613338653438623539330a626361346331356436396362313064
63316261383537373935363465313038386261323235316266346237363532393338653463396230
3636653462656530320a396234313232613238633165396433666535646434336437623466663036
37653134623866336234616365316630326464633132393032663266623732383863613637663939
38656438653035346139363030336330316431356337393530306461343463633132373437366263
64623435663265303164323266666638306539343066633463643465343237333963656135323363
37623161356330373639616533643064633638336166306162356134313066666563616335616162
39626132363637626261343135663662303033626365353634663236353261343266643237646466
37643034323361666465616433346237396364356535346466633861303830663731376136623236
30613934346138323265326233316661613762643330393732336363346437356336353665303939
62336534346439333431633263656537353138316631386434393061356236336131623034636130
38623235313538656437666437316234653034386362376338383734623661633036613465653938
34363862623331323234326366336664303930326535626366366165366338653935386565366562
61623332326530613563396638613633323538336461313832363730346236663461316232333939
65633130393539343638363564393634356639303434646232363631643965313338633832653831
37616232303039386537396466623765666631653161663239656430383133663962623335386565
36373661656638396336666261386531646132646634626335373139623439366536613835366333
30663534633239316365316462343966393532653930346535353834633462356263626138633135
38323232363131386136363338646464373230386362386664646531643639393439636564343762
39383232363135313731393436353531356330623734373931633635376533366464393262353266
35366136313431306466383534336639643931336532356566633336356534363836326231313937
38383237353061636234326231613132663265653261626535366334353964663462313937353864
39663631313963633038656639343535373431366562653331366535323563386338653939393437
30626165336133653033643230663262663833633835643739623431666131323130343930663635
63356234353364663731343234346332326439383634353164383362376464623138353634343866
37633132393835626533613438386637333137323031333436663566353437366564393030633766
30373832663835623338353265393164613766383061376664363538393239623833376261323433
34316262373035303134363739623662626264303937376437616462643661653433386432356238
61363931363866383263306439643135353164353934373135303135633338393238383866373635
64643232333031623562356633663236643662373062346232336363653533303966633131323630
65333135396265373534336238353763653330323833633261373733393932323831646432643138
30646463306330663833313866303037343837393430343063666633316635333032616133613138
61343565306431323139383230313863623138633834656630356264313533323164313132396262
30656166366433623635313066323039616335663136633563636334613264633236613737646463
34633364303164353663663762303166326239623136376431643931316335336634643632303638
63656231333535326230663634326634643438353032353532306630306436373937366531336539
31313434383036653664333065363737376334373465656265366439373064323330656562343930
61346638386634323431376531633933396335643739356636633233373766383065643139633736
65393131363131333432303436393962376265356233366164643238623536386335333536333563
38336164663437623436656434383536383266333732633763383661333833346136633963646630
62636464313063323739636461643236396335323262653233336432306461653561316537316361
39353334303963326363663139373065316638306239386662356635323665653862653164343039
34376464666131643562336630623265316434653264346633643735306235333766613031626463
31626163383631363139353331653934663762653265366433343163613964656332633338656536
35653663623030313730633937313861626235383031343565613732623134366335396137643562
33393362396635366438616434613538383432303030643838323135353962633364653332346330
38623464303562656462613262383234366461353533653064363032653635613933343938356433
64636364313162383563333035313130343736386638386430666565313165363566653065653339
30633739383036643330313436393735663734646431343762613936346166316634366330323933
34353938653263313730383439313031373962636264356434626566303631626366396362353765
64326334316231336462363962643832646161636536373964383230333365396466373664323139
32383464313030396164323231643431333831313636666136383931616537393865356162333730
33363134643130663031366362623031653362383533323436386139396135653837373762653234
66326165323735643332633137396435316264396436656333313139623535323138363466353236
36333433393436333431346563636266393231386633616264333066663066326534373432376231
65303339353930393134653030636436343630653430313030653137653666366638386131346637
65646264343165366361633266643732336235316261613234643261383561393836303166313161
39353564613230323633646264386561333865373435303865383064356237333338363836626664
64636466343730363333396666636531313736356562396361373830333737653264393031633731
35663530623431346537346332323133326435383062303533643630616231643061343463316439
30373037353936326631663135656633656439613633353162316332333032313532376662666331
35383161393139643566333264313063353838343638386639633036643133383936313461626338
64353836363536666335396163303131383536623665303435373639366263393538346237376138
61656461633966653838623865373535616431643930333438326262386137366332353235393235
33656261353636366633353838383236393161333531613730353837333263376532346466623932
38646461313364656234636132643034353338343635653531383936363032633162323363336233
36343133373164663034613363633164316561316531666262666539313132616466663832376665
30346330333263616137316637633066626135643639363564663634613861393436376334626135
36383937373239316662356635306438666230393933616563626434656630353131323837326530
35346136396639663064316661636466306466393965363438666334633734613666643163313932
35383136626664646135626336343130326564386536366464343065663833633435623463313038
65663865336639633831616231373339313166613630323236316133353635323666646437656338
39326566376536393836636662646466326433613232393063396230303730356433653438396533
65643839656536616265656566646335643230356131636635663162376365333339396535356637
31336532393234396132653239373538353835366439386565336462353639373664373066383631
63656237613363376534383136363931633738613139666262383730353564333539663534346337
32373133333138623039363763363139663265386463376263633235396161366130346439353437
38333765303961646266326661303165343461316233376234393763616234343532323131333736
61636432636363323334366536306238653039616335666637396636656339653465313031343039
31383762616535326434303263663662656261343138343337653431383965386561383830373465
39666535633536396661313635303633376463333566306463393539653831363436633063326661
33613732306232363063613339376330656262313535353330313165656439613936376535666331
30373931376234646261343138303963633465623865383932386230366231376666653735646336
38396237613936373830306465373266323834353936613230323338366334623465383138303436
36356130336437643239396662316632636333653662633837356438346263653963303461616130
30356334653335366139623437376439663066303365393162356533636132393030643231643937
34623331386435356139323432363566623461353063363362333833356635613537633639616461
62386139356666646538353865343162353730646666393564323136663536393935376137643237
32333830366431343239623266636339613136323061303636663435383132663936363137383765
33373736383935313134626163303966613338363461663262386137386562353861653764663935
33616236396662663736643539333530303931353866623963643634363135613039313636663631
34373536383465343333613361653962323663376466366631343530343632323536323435393166
37616630393735396430653366333165346632373365396336326536623066386236386131313536
36653461313234623462313439653936303365333633346439666638363335356632343931386265
35336537656434343061623939363930336437343634303533386533623830346135656635626533
65323461626165376432376537323061326464356335653431613136323865663231373364383164
65613134616432333139656434663034333163633534346233326361333432623639356539653664
66306336376333623835646264393333353539323530643366373464666436633565636462356237
34623462346365323262636231616261323463333334653036363938333964363030343133653331
32623138356665313033326563333635396531313135353533383734613761363030333331383761
33393331393136653038663462323432343131343030643534313461633964376331353038353633
36653736393234366130616161643532626434383139663238316636353430636135613365363965
37326137393462383632653666633562316235653764333061636632346531623030653966316162
65313337663062376232393534613035303661303835653365646230396439323562663364353766
33613463343634633464623932363334666633383832333436393364366266633165626439313663
61316436323062383534346261303562653233356230613335356137393438393132653162346261
62363437353963306135373435393462643631666162336231643963356438323633386339356162
35636234396464373164323538663730353239613263306131363764376164653133343530303634
33613937366536356635363434336337306332376234363632373038353638356635333135336637
34636264333962303366306233356332326465316166643234303663613566616330363435336163
36323866306538613765353363393638366438666132373434343938616537643663616332323435
37386434396536386137343738326166353336316331643662633430616433626433396235343133
34306662663865346363336234363333336264306464376335393364626364633465313236656462
35633763353638373731653637343861323335363532376231346138373763626361393465653161
38316437363431666131646435316562333837303166373839356237653139663537316135636262
63326166353033643163376631346134316437386337313135626662623337306664663235396464
62316433626631353833363661333837643861376136623934323034363832326530316539303066
62663037316436613366383539313036326663353261613739666263336138653665343830386561
35333764393832396564366437343861653166653362663232356137353231626639303533336264
30633861363531613731316133363737653735633035323631336366353539396562316638666339
62333039303439323165653535336633623439323732323330613035616334333962316165333065
34346364373062383032383461333666383137323832633737393766363564653363653763393165
62323837306538666138663538633237633436353234336661386161623230643364306638323631
33633430656434323134633538383436346233323537316561316562336466353430613635663961
36643065383237393534616362616537313939303361363965633638386636653032353234363431
34613830313466313961633137323734623235623232666264313635616439386366366333313733
36313530336338626365333061386334373862393063663330313031363566326434653861396666
39313138623333646564313233396239306463623731313832396466646364396630353565363833
32616365663264353666363863373336306434666537623963376336353131356430636463356335
30613031643666366333346361383162343837396664636330303933366635656136636138313934
33316365393732393431356662306264333332323838643061336337366232623165393232306635
32396362313062666435633462383564633434393262376164393461636262356630653730383034
3030373662386461643431643532326436666535346330303133
